 SetDesc: "NNFF10_PIp_nlo - pi^+ FF fit at NLO - mem=0 => average over replicas, mem=1-100 => Monte Carlo replicas - set generated with APFEL"
 SetIndex: 2000800
 SetType: fragfn
 Authors: V. Bertone, S. Carrazza, N.P. Hartland, E.R. Nocera, J. Rojo
 Reference: arXiv:1706.07049
 Format: lhagrid1
 DataVersion: 1
 NumMembers:         101
 Particle: 211
 Flavors: [ -5, -4, -3, -2, -1, 21,  1,  2,  3,  4,  5]
 OrderQCD:           1
 FlavorScheme: variable
 NumFlavors:            5
 ErrorType: replicas
 XMin:   1.0000000000000000E-002
 XMax:   1.0000000000000000     
 QMin:   1.0000000000000000     
 QMax:   10000.000000000000     
 MZ:   91.187600000000003     
 MUp: 0
 MDown: 0
 MStrange: 0
 MCharm:   1.5100000000000000     
 MBottom:   4.9199999999999999     
 MTop:   172.50000000000000     
 ThresholdCharm:   1.5100000000000000     
 ThresholdBottom:   4.9199999999999999     
 ThresholdTop:   10003.000000000000     
 AlphaS_MZ:  0.11800001180823595     
 AlphaS_OrderQCD:           1
 AlphaS_Type: ipol
 AlphaS_Qs: [  0.99999999999999989      ,   1.0633851568645811      ,   1.1338730641344452      ,   1.2124783414470841      ,   1.3003912200884700      ,   1.3990130504188691      ,   1.5099999999999998      ,   1.5099999999999998      ,   1.6430898499125588      ,   1.7950175492915657      ,   1.9691555946426511      ,   2.1696018698672943      ,   2.4013609623222965      ,   2.6705770252077685      ,   2.9848346034991002      ,   3.3535496330733272      ,   3.7884808595272639      ,   4.3044031528830882      ,   4.9199999999999999      ,   4.9199999999999999      ,   5.5958381557611556      ,   6.4000002355288945      ,   7.3623075072639121      ,   8.5207114167203688      ,   9.9238279040355852      ,   11.634359602079828      ,   13.733751231335184      ,   16.328571204672624      ,   19.559329122427087      ,   23.612759425380659      ,   28.739080062666719      ,   35.276456098209486      ,   43.685994961748399      ,   54.602284824172365      ,   68.907102071917393      ,   87.838014147035736      ,   113.15010508530261      ,   147.35947584937696      ,   194.11408515980179      ,   258.76527307813592      ,   349.25950348540425      ,   477.54769303457635      ,   661.84241676274246      ,   930.28349579966107      ,   1326.9770377802283      ,   1922.0947722463477      ,   2829.0285495332364      ,   4234.0042093765760      ,   6448.0725362906705      ,   9999.9999999999745      ]
 AlphaS_Vals: [  0.45550158668551771      ,  0.43373554219432681      ,  0.41330682765231097      ,  0.39409743141275799      ,  0.37600376315376682      ,  0.35893443717468831      ,  0.34280845917033309      ,  0.34280845833036933      ,  0.32813482244393338      ,  0.31414158725363450      ,  0.30078973689158683      ,  0.28804333404868770      ,  0.27586919872134819      ,  0.26423662707629786      ,  0.25311714497104620      ,  0.24248429122299270      ,  0.23231342650255135      ,  0.22258156436969259      ,  0.21326722151950958      ,  0.21326722149330227      ,  0.20579463695569564      ,  0.19855670183303495      ,  0.19154740548252197      ,  0.18476082928090420      ,  0.17819114792747498      ,  0.17183263058199350      ,  0.16567964185824072      ,  0.15972664268051459      ,  0.15396819100955983      ,  0.14839894244374632      ,  0.14301365070076008      ,  0.13780716798460821      ,  0.13277444524236950      ,  0.12791053231482810      ,  0.12321057798488566      ,  0.11866982992746877      ,  0.11428363456450406      ,  0.11004743682842856      ,  0.10595677983762800      ,  0.10200730448713924      ,   9.8194748957922462E-002 ,   9.4514948147982114E-002 ,   9.0963833028609831E-002 ,   8.7537429929014324E-002 ,   8.4231859752604679E-002 ,   8.1043337128194740E-002 ,   7.7968169499396112E-002 ,   7.5002756155466810E-002 ,   7.2143587206875345E-002 ,   6.9387242508830785E-002 ]
 AlphaS_Lambda4:  0.43874821446621259     
 AlphaS_Lambda5:  0.22638462592339001     
