 SetDesc: "NNFF10_PIp_lo - pi^+ FF fit at LO - mem=0 => average over replicas, mem=1-100 => Monte Carlo replicas - set generated with APFEL"
 SetIndex: 2000200
 SetType: fragfn
 Authors: V. Bertone, S. Carrazza, N.P. Hartland, E.R. Nocera, J. Rojo
 Reference: arXiv:1706.07049
 Format: lhagrid1
 DataVersion: 1
 NumMembers:         101
 Particle: 211
 Flavors: [ -5, -4, -3, -2, -1, 21,  1,  2,  3,  4,  5]
 OrderQCD:           0
 FlavorScheme: variable
 NumFlavors:            5
 ErrorType: replicas
 XMin:   1.0000000000000000E-002
 XMax:   1.0000000000000000     
 QMin:   1.0000000000000000     
 QMax:   10000.000000000000     
 MZ:   91.187600000000003     
 MUp: 0
 MDown: 0
 MStrange: 0
 MCharm:   1.5100000000000000     
 MBottom:   4.9199999999999999     
 MTop:   172.50000000000000     
 ThresholdCharm:   1.5100000000000000     
 ThresholdBottom:   4.9199999999999999     
 ThresholdTop:   10003.000000000000     
 AlphaS_MZ:  0.11800001036196857     
 AlphaS_OrderQCD:           0
 AlphaS_Type: ipol
 AlphaS_Qs: [  0.99999999999999989      ,   1.0633851568645811      ,   1.1338730641344452      ,   1.2124783414470841      ,   1.3003912200884700      ,   1.3990130504188691      ,   1.5099999999999998      ,   1.5099999999999998      ,   1.6430898499125588      ,   1.7950175492915657      ,   1.9691555946426511      ,   2.1696018698672943      ,   2.4013609623222965      ,   2.6705770252077685      ,   2.9848346034991002      ,   3.3535496330733272      ,   3.7884808595272639      ,   4.3044031528830882      ,   4.9199999999999999      ,   4.9199999999999999      ,   5.5958381557611556      ,   6.4000002355288945      ,   7.3623075072639121      ,   8.5207114167203688      ,   9.9238279040355852      ,   11.634359602079828      ,   13.733751231335184      ,   16.328571204672624      ,   19.559329122427087      ,   23.612759425380659      ,   28.739080062666719      ,   35.276456098209486      ,   43.685994961748399      ,   54.602284824172365      ,   68.907102071917393      ,   87.838014147035736      ,   113.15010508530261      ,   147.35947584937696      ,   194.11408515980179      ,   258.76527307813592      ,   349.25950348540425      ,   477.54769303457635      ,   661.84241676274246      ,   930.28349579966107      ,   1326.9770377802283      ,   1922.0947722463477      ,   2829.0285495332364      ,   4234.0042093765760      ,   6448.0725362906705      ,   9999.9999999999745      ]
 AlphaS_Vals: [  0.36295203417172989      ,  0.35171437334850708      ,  0.34069809195034567      ,  0.32990676719203077      ,  0.31934341733129901      ,  0.30901051482282499      ,  0.29891000181106997      ,  0.29891000127056555      ,  0.28922473740565657      ,  0.27973505550782707      ,  0.27044478066612870      ,  0.26135716771561313      ,  0.25247491371218683      ,  0.24380017263870826      ,  0.23533457233706878      ,  0.22707923339683145      ,  0.21903478973055429      ,  0.21120141056899791      ,  0.20357882362699695      ,  0.20357882360519750      ,  0.19727141031942638      ,  0.19109501572287219      ,  0.18505094984310216      ,  0.17914023569006848      ,  0.17336361851072424      ,  0.16772157584097575      ,  0.16221432825165943      ,  0.15684185067683495      ,  0.15160388421578205      ,  0.14649994830409507      ,  0.14152935315405507      ,  0.13669121236988305      ,  0.13198445564941860      ,  0.12740784149008763      ,  0.12295996982361720      ,  0.11863929451070354      ,  0.11444413563364787      ,  0.11037269153175316      ,  0.10642305053094291      ,  0.10259320232555368      ,   9.8881048976508693E-002 ,   9.5284415496051086E-002 ,   9.1801059994867429E-002 ,   8.8428683372733172E-002 ,   8.5164938538742185E-002 ,   8.2007439151731809E-002 ,   7.8953767875670502E-002 ,   7.6001484148547113E-002 ,   7.3148131466680311E-002 ,   7.0391244189378005E-002 ]
 AlphaS_Lambda4:  0.15411034835190704     
 AlphaS_Lambda5:   8.8388346660501674E-002
